Título,ESTRUCTURA DE LA GENERACIÓN POR TECNOLOGÍAS_01-01-2021_31-12-2022,,,,,,,,,,,,,,,,,,,,,,,
Sistema eléctrico,Nacional,,,,,,,,,,,,,,,,,,,,,,,
Magnitudes,GWh,,,,,,,,,,,,,,,,,,,,,,,
,,,,,,,,,,,,,,,,,,,,,,,,
Fecha,1-2021,2-2021,3-2021,4-2021,5-2021,6-2021,7-2021,8-2021,9-2021,10-2021,11-2021,12-2021,1-2022,2-2022,3-2022,4-2022,5-2022,6-2022,7-2022,8-2022,9-2022,10-2022,11-2022,12-2022
Hidráulica,4057.346783,4517.602492,3715.416012,2745.019022,2159.483245,2182.252545,2209.4646239999997,1883.2608030000001,1396.698883,1023.215446,1199.445532,2536.803672,2085.857451,1174.9701699999998,1764.806206,1782.053848,1922.3023759999999,1190.985484,1043.519078,972.977692,1153.775681,717.70239,1309.281418,2744.808065
Hidráulica,4057.346783;jaja;3715.416012,2745.019022,2159.483245,2182.252545,2209.4646239999997,1883.2608030000001,1396.698883,1023.215446,1199.445532,2536.803672,2085.857451,1174.9701699999998,1764.806206,1782.053848,1922.3023759999999,1190.985484,1043.519078,972.977692,1153.775681,717.70239,1309.281418,2744.808065                                                                                                                                                                                                                                                                                                               
Nuclear,5199.740516,4358.515107,4833.065002,4197.33293,4373.250552,3684.377943,5119.328941,5151.337803,4890.618221,4748.364457000001,3562.2548070000003,3922.833452,5048.424951,4771.058269,4766.690052,4414.715447,4066.355361,4459.459166000001,5073.1524979999995,5122.0469299999995,4847.367123,4021.440771,4231.577244,5161.212451
Carbón,557.975979,176.26671900000002,242.138946,270.100026,331.93111300000004,473.579232,311.10233,319.182668,477.087202,527.419848,576.437576,719.9263739999999,709.9632190000001,568.629528,705.226125,691.004601,527.154558,833.22046,882.232497,819.592534,632.066719,380.972026,321.469754,693.672984
Motores diésel,203.759973,160.418085,173.283976,187.547789,178.36229999999998,206.220592,239.57681599999998,258.860338,256.964192,233.57056500000002,203.062243,215.79723800000002,210.125165,185.57552600000002,207.451789,205.100257,215.84438,224.847296,242.769547,245.673515,216.066723,202.310552,192.196854,200.24196799999999
Turbina de gas,28.766271,18.026130000000002,27.904377,24.553476999999997,24.916217,34.119217,40.565981,47.885346,71.402214,46.314807,30.058985,29.066882,34.446764,34.328002,38.861714,34.57236,42.307777,47.734021999999996,79.729885,85.527648,84.42261599999999,79.275334,47.409887000000005,48.856536
Turbina de vapor,116.282053,104.960847,100.75825900000001,70.652976,62.41677,33.486942000000006,66.13421000000001,99.64419000000001,113.21021300000001,112.484255,115.10902300000001,112.916219,117.429802,102.630663,114.410944,103.636366,86.849653,60.625902,73.213599,102.417012,110.95399099999999,118.59882,93.771169,122.69665499999999
Ciclo combinado,2729.183017,1544.065785,2151.091661,3384.471579,2444.871606,3658.878948,3718.134418,4047.368387,4943.197265,4407.05637,6317.636788,5154.143508,5898.394445,4671.261013,3873.2032000000004,3146.865903,3713.6394849999997,6478.937315,8460.459144999999,8082.027681,7704.900731,7066.859015,4672.406377,4368.592847
Hidroeólica,0.99317,1.226483,1.921443,0.835908,3.2270770000000004,3.002042,3.5782179999999997,2.663478,1.429314,1.8534549999999999,1.1397899999999999,1.227861,1.110916,1.482045,2.1263229999999997,1.752528,1.917174,2.44956,3.562943,3.517675,2.0750949999999997,1.350072,1.1694090000000001,0.367104
Eólica,7101.249123,6294.982856,5606.818805,4095.800569,4785.695033,3684.170619,4284.090513,3747.238495,3234.274816,4359.563921,6421.739529,6910.032613,5414.777160000001,4712.962772,6528.440466,5655.806361,4687.64999,3807.180833,4566.002106,4258.846638,4191.189274,5099.919318,6682.534764,5570.2825920000005
Solar fotovoltaica,848.4030740000001,973.686902,1688.757265,1665.571492,2388.831852,2325.571729,2617.534056,2395.8309,1927.916611,1777.274811,1347.957356,1023.70725,1569.2916839999998,1693.011465,1455.368818,2581.307811,3380.729182,3215.923445,3381.15